SJC daegeum gukakjeonjip (30)

[0.02, 523.01, 523.12, 622.04, 699.01, 699.02, 9999.02],
 [0.02, 622.01, 622.03, 699.02],
 [0.02, 699.01, 699.1, 784.02],
 [0.02, 699.02, 699.05, 699.1, 784.01],
 [0.02, 699.02, 699.08, 784.04],
 [0.02, 699.02, 784.02, 932.02, 1047.01],
 [0.02, 699.02, 932.11, 1047.01],
 [0.02, 699.02, 932.29, 1245.01],
 [0.02, 699.02, 1047.01, 1047.13],
 [0.02, 699.02, 1047.05, 1245.01],
 [0.02, 699.3, 932.06, 932.11, 1047.01, 1047.09, 1245.01],
 [0.02, 784.02, 932.04, 1047.02, 1047.08, 1245.18],
 [466.01, 523.01, 523.16, 622.02, 784.02],
 [466.02, 523.01, 699.09, 784.01],
 [466.04, 523.16, 523.18, 622.02, 784.02, 932.04, 9999.02],
 [523.01, 523.12, 523.34, 622.01],
 [523.01, 784.01, 784.02, 932.04],
 [523.02, 523.1, 622.01, 699.01, 784.01],
 [523.02, 622.02, 699.15, 784.01],
 [523.16, 622.01, 622.02, 784.02],
 [622.01, 622.02, 699.01, 699.04],
 [622.05, 699.01, 699.04, 784.01],
 [699.01, 699.2, 784.01, 784.14],
 [699.02, 784.02, 932.01, 1047.01, 1047.23, 1245.02],
 [784.02, 932.02, 1047.01, 1047.24, 1245.02, 1245.15],
 [932.01, 1047.01, 1047.02, 1245.06],
 [932.04, 1047.01, 1047.07, 1245.01],
 [932.04, 1047.01, 1047.19, 1245.01],
 [932.04, 1047.01, 1047.61, 1245.01],
 [1047.01, 1047.17, 1245.01, 1245.02]


SJC daegeum gukakjeonjip with sikimse (34)

[0.02, 523.015, 622.015, 622.0301],
 [0.02, 523.16, 699.02, 932.0601, 932.11, 1047.09, 1245.01],
 [0.02, 622.01, 622.0301, 699.02],
 [0.02, 699.01, 699.1, 784.02],
 [0.02, 699.02, 699.05, 699.1, 784.01],
 [0.02, 699.02, 784.02, 932.0201, 1047.01],
 [0.02, 699.02, 932.11, 1245.01],
 [0.02, 699.02, 932.29, 1047.01, 1245.01],
 [0.02, 699.02, 1047.05, 1245.01],
 [0.02, 784.02, 932.0401, 1047.02, 1047.08, 1245.18],
 [466.01, 523.01, 523.16, 622.02, 784.02],
 [466.02, 523.01, 699.09, 784.01],
 [466.04, 523.16, 523.18, 622.02, 784.02, 932.0401, 9999.02],
 [523.01, 523.02, 523.16, 622.01, 622.02, 699.15, 784.01, 784.02],
 [523.01, 523.12, 523.34, 622.01],
 [523.01, 523.12, 622.0401, 699.01, 699.02, 9999.02],
 [523.01, 784.01, 784.02, 932.0401],
 [523.02, 523.1, 622.01, 699.01, 784.01],
 [523.02, 523.16, 699.02, 784.02],
 [523.02, 523.22, 622.02, 699.01, 784.01],
 [523.16, 622.01, 622.02, 784.02],
 [622.01, 622.02, 699.01, 699.04],
 [622.05, 699.01, 699.04, 784.01],
 [699.01, 699.0301, 784.01, 784.02],
 [699.015, 699.08, 699.16, 784.015, 784.02, 784.04],
 [699.02, 784.02, 932.01, 932.0401, 1047.01, 1047.23, 1245.02],
 [699.02, 784.02, 932.0401, 1047.01, 1047.24, 1245.02, 1245.15],
 [699.1, 699.2, 784.01, 784.1401],
 [784.02, 932.0401, 1047.01, 1047.07, 1245.01],
 [784.02, 932.0401, 1047.01, 1047.19, 1245.01],
 [784.02, 932.0401, 1047.01, 1047.61, 1245.01],
 [932.01, 1047.01, 1047.0101, 1245.01],
 [932.01, 1047.01, 1047.02, 1245.06],
 [932.0401, 1047.01, 1047.17, 1245.01, 1245.02]
