Sjc_haegeum_gukakjeonjip:

[233.01, 262.03, 311.02, 311.12, 349.02]
[233.04, 233.12, 311.02, 349.12]
[233.04, 262.16, 311.01, 311.02, 349.18, 392.04]
[233.04, 311.02, 349.01, 392.01, 392.04, 466.01, 466.02, 523.22]
[262.01, 262.12, 262.34, 311.01]
[262.01, 262.16, 311.01, 349.42, 392.02, 392.04, 466.02, 466.04, 466.36, 523.18, 622.01]
[262.01, 262.16, 311.02, 349.01, 349.18, 392.01]
[262.01, 262.16, 349.16, 349.42, 392.01, 466.01, 466.02, 466.18]
[262.01, 262.16, 349.42, 466.02, 466.06, 523.1, 622.06]
[262.01, 311.12, 349.02, 349.18, 392.04, 466.48, 523.01]
[262.01, 349.12, 349.18, 392.04, 392.18]
[262.01, 349.14, 349.18, 392.01, 392.18]
[262.01, 349.18, 392.04, 392.18, 466.02, 523.02, 523.24, 622.16]
[262.01, 349.21, 392.01, 392.18]
[262.015, 262.12, 262.18, 311.015, 311.02]
[349.015, 349.12, 349.18, 392.015, 392.04]
[349.02, 392.04, 392.22, 466.18]
[349.04, 349.18, 392.02, 392.04, 466.02]
[349.1, 349.12, 392.02, 392.04]
[349.18, 392.04, 466.02, 466.06, 523.01, 523.1, 523.16, 622.01, 622.18]
[349.18, 392.04, 466.12, 523.01]
[349.18, 466.06, 466.36, 523.01]
[466.02, 523.08, 523.1, 523.16, 622.01, 622.18]
[466.02, 523.1, 523.14, 523.16, 622.01, 622.18]
[466.02, 523.1, 523.16, 523.2, 622.01, 622.18]
[466.02, 523.1, 523.16, 523.62, 622.01, 622.18]



Sjc_haegeum_gukakjeonjip_with_sikimse_broadsense:

[262.01, 349.12, 349.18, 392.04, 392.1801]
[233.04, 233.12, 311.02, 349.12]
[233.04, 262.16, 311.02, 392.04, 392.1801]
[262.015, 262.12, 262.18, 311.015, 311.02]
[262.01, 349.14, 349.18, 392.01, 392.1801]
[349.12, 392.04, 392.1801, 466.0201, 523.02, 523.24, 622.1601]
[262.01, 262.16, 311.02, 349.01, 349.18, 392.01]
[233.01, 262.03, 311.02, 311.12, 349.02]
[262.01, 262.16, 311.01, 311.02, 349.01, 392.01, 392.04, 392.1801, 466.01, 466.0201, 523.02, 523.22]
[349.18, 466.06, 466.36, 523.01]
[349.02, 392.04, 392.2201, 466.18]
[262.01, 262.12, 262.34, 311.01]
[349.1, 349.12, 392.02, 392.04]
[392.02, 466.01, 466.02, 523.11]
[349.04, 349.18, 466.02, 466.06, 523.01, 523.1, 523.16, 622.01, 622.18]
[349.015, 349.12, 349.18, 392.015, 392.04]
[349.18, 392.04, 466.12, 523.01]
[392.02, 466.02, 466.0601, 523.1, 622.0601]
[349.04, 349.18, 466.02, 523.01, 523.08, 622.01]
[349.04, 349.18, 466.02, 523.01, 523.2, 622.01]
[349.04, 349.18, 466.02, 523.01, 523.62, 622.01]
[349.04, 349.18, 466.02, 523.01, 523.14, 622.01]
[262.01, 262.16, 349.16, 392.01, 466.18]
[349.02, 392.04, 466.06, 466.48, 523.01, 622.01]
[262.16, 392.02, 392.04, 466.02, 466.04, 466.06, 523.18, 622.01]