SJC daegeumjeongakbo (22)

[0.02, 523.015, 622.015, 622.03],
 [0.02, 622.01, 784.01, 784.02],
 [466.01, 466.02, 523.01, 622.02],
 [466.01, 523.01, 622.01, 622.02, 698.01, 784.01],
 [466.01, 523.01, 622.05, 698.01],
 [523.01, 622.01, 698.01, 698.02],
 [523.01, 622.01, 698.01, 698.08, 698.09],
 [523.02, 523.22, 622.01, 622.02, 698.01, 784.01],
 [523.02, 622.01, 698.01, 698.02, 784.01, 932.01, 932.02, 1047.01, 1047.02, 1245.01],
 [523.02, 622.01, 698.01, 932.16, 1047.02],
 [523.02, 622.01, 698.14, 784.01],
 [523.12, 622.04, 698.01, 784.01],
 [622.01, 698.01, 698.16, 784.02],
 [622.01, 698.01, 784.02, 932.02],
 [622.02, 698.01, 784.06, 932.08, 932.16, 1047.02],
 [698.01, 698.015, 698.02, 698.08, 698.16, 784.01, 784.015, 784.02, 784.04],
 [698.01, 784.01, 784.02, 932.02, 1047.01, 1047.08, 1245.06],
 [698.01, 784.01, 932.01, 932.02, 1047.01, 1047.24, 1245.02, 1245.14],
 [698.02, 784.01, 932.05, 1047.01],
 [698.02, 784.01, 932.35, 1047.01],
 [784.01, 1047.01, 1047.23, 1245.02],
 [932.01, 1047.01, 1047.06, 1047.18, 1245.02, 1245.18]


SJC daegeumjeongakbo with sikimse (24)

[0.02, 523.01, 622.01, 698.02, 784.02],
 [0.02, 523.015, 622.01, 622.015, 622.0301],
 [0.02, 784.01, 784.02, 932.01, 932.02, 1047.01, 1047.24, 1245.02, 1245.14],
 [466.01, 466.02, 523.01, 622.02],
 [466.01, 523.01, 622.01, 622.02, 698.01, 784.01],
 [466.01, 523.01, 622.05, 698.01],
 [523.01, 622.01, 698.01, 698.015, 698.02, 698.08, 698.16, 784.01, 784.015, 784.02, 784.04],
 [523.01, 622.01, 698.01, 698.02],
 [523.01, 622.01, 698.01, 698.08, 698.09],
 [523.02, 523.22, 622.01, 622.02, 698.01, 784.01],
 [523.02, 622.01, 698.01, 698.02, 784.01, 932.01, 932.02, 1047.01, 1047.02, 1245.01],
 [523.02, 622.01, 698.01, 932.16, 1047.02],
 [523.02, 622.01, 698.14, 784.01],
 [523.12, 622.0401, 698.01, 698.02, 784.01],
 [622.01, 698.01, 698.04, 784.01, 784.02],
 [622.01, 698.01, 698.16, 784.02],
 [622.01, 698.01, 784.01, 784.02, 932.0201],
 [698.01, 784.01, 784.06, 932.02, 932.08, 932.16, 1047.02],
 [698.02, 784.01, 932.05, 1047.01],
 [698.02, 784.01, 932.35, 1047.01],
 [698.0301, 784.01, 784.02, 932.02],
 [784.01, 932.02, 1047.01, 1047.08, 1245.06],
 [784.01, 1047.01, 1047.23, 1245.02],
 [932.01, 1047.01, 1047.06, 1047.18, 1245.02, 1245.18]