SJC_haegeum_haegeumjeongakbo(20)

[233.01, 233.04, 262.03, 262.12, 311.02, 311.12, 349.02, 392.04],
 [233.04, 233.12, 311.02, 349.12],
 [233.04, 262.015, 262.08, 262.18, 311.015, 311.02, 311.03, 349.01, 349.02],
 [233.04, 262.12, 311.02, 311.08, 349.02],
 [233.04, 262.12, 311.08, 349.12, 392.04, 392.18],
 [262.06, 349.12, 349.24, 392.18, 622.18],
 [262.12, 262.18, 311.02, 349.18, 392.04, 392.18],
 [262.18, 262.3, 349.18, 392.18],
 [349.015, 349.12, 392.015, 392.04],
 [349.02, 392.02, 392.04, 466.02, 466.06, 466.48, 523.12, 523.18],
 [349.02, 392.04, 392.22, 466.18],
 [349.04, 349.12, 349.18, 392.04],
 [349.04, 349.18, 392.02, 392.04, 466.02, 466.06, 523.12],
 [349.08, 349.1, 392.04, 523.12],
 [349.12, 349.18, 392.04, 392.18],
 [349.12, 392.04, 392.18, 466.02, 523.12, 622.18],
 [349.18, 392.01, 392.04, 466.01, 466.02, 523.1],
 [392.04, 466.02, 466.18, 523.02, 523.1],
 [392.04, 466.02, 523.02, 523.08, 523.12],
 [466.02, 523.02, 523.1, 523.12, 523.16, 622.12]

SJC_haegeum_haegeumjeongakbo with sikimse(28)

[233.01, 233.04, 262.0301, 262.12, 311.0201, 311.1201, 349.02],
 [233.04, 233.12, 311.0201, 349.1201],
 [233.04, 262.015, 262.0801, 262.18, 311.015, 311.0301, 349.01, 349.02, 349.1801, 392.0401],
 [233.04, 262.12, 311.0201, 311.0801],
 [233.04, 262.1801, 311.02, 349.02, 392.0401],
 [233.14, 262.02, 262.0201, 262.1801, 311.1201, 349.1201, 622.1801],
 [262.0201, 311.1201, 349.02, 349.06, 349.1201],
 [262.06, 349.12, 349.2401, 392.1801, 622.1801],
 [262.12, 262.1201, 311.0201, 349.02, 349.1801, 392.0401, 392.1801],
 [262.12, 311.0201, 311.1201, 349.02],
 [262.1801, 349.12, 349.1801, 392.1801, 466.1201, 466.1801, 523.02],
 [262.1801, 349.1801, 349.4201, 392.0101, 392.04, 392.1801, 466.01, 466.1801],
 [311.1201, 349.02, 349.1801, 392.0401],
 [349.015, 349.1201, 392.015, 392.0401],
 [349.02, 349.1201, 392.04, 392.1801, 523.12],
 [349.02, 349.18, 392.04, 392.0401, 392.2201, 466.1801],
 [349.02, 392.02, 392.04, 392.0401, 466.0201, 466.0601, 466.4801, 523.12,523.18],
 [349.02, 392.0401, 466.02, 466.0201, 523.12],
 [349.0401, 349.12, 392.02, 392.1801, 466.0201, 523.12, 622.1801],
 [349.0401, 349.18, 392.0101, 392.02, 466.01, 466.0201, 523.1, 523.12],
 [349.0401, 349.18, 392.02, 466.1801, 523.02, 523.12, 523.1601, 622.1201],
 [349.0601, 349.18, 392.0101, 392.04, 466.01, 466.0201, 523.1],
 [349.08, 349.1001, 392.02, 392.0401, 392.1801, 466.0201],
 [349.12, 349.1801, 392.0401, 392.1801],
 [349.1201, 349.1801, 392.0401, 392.1801],
 [349.18, 392.02, 466.06, 523.02, 523.1601],
 [349.18, 392.04, 466.02, 523.02, 523.08, 523.12],
 [392.04, 466.0201, 466.12, 523.02, 523.12, 523.1601]