SKY haegeum gukakjeonjip(8)

[349.02, 349.06, 415.06, 415.1, 466.06, 523.06],
 [349.02, 349.06, 466.06, 466.1],
 [349.02, 415.04, 466.02, 523.06],
 [349.06, 415.01, 415.09, 466.01, 466.02, 466.06, 523.01, 523.06],
 [466.02, 466.06, 523.1, 622.06],
 [466.06, 523.02, 523.06, 622.06, 622.12],
 [466.06, 523.06, 523.12, 523.36, 622.06, 699.06, 831.01],
 [523.06, 523.12, 699.06, 699.11, 831.01]

SKY haegeum gukakjeonjip with sikimse(9)

[233.06, 262.06, 311.0601, 349.06],
 [349.02, 349.06, 415.0601, 415.1, 466.06, 523.06],
 [349.02, 349.06, 466.06, 466.1],
 [349.02, 415.04, 466.02, 523.06],
 [349.06, 415.01, 415.09, 466.01, 466.02, 466.06, 523.01, 622.06],
 [466.02, 466.06, 523.1, 622.06],
 [466.04, 523.02, 523.06, 622.0601],
 [523.06, 523.12, 523.36, 622.0601, 699.06, 831.01],
 [523.06, 523.12, 699.06, 699.11, 831.01]
