SYJ haegeum gukakjeonjip (8)

[208.02, 208.12, 233.06, 233.1, 262.06],
 [208.06, 233.06, 311.06, 349.04, 349.12],
 [233.02, 233.06, 262.1, 311.06],
 [233.06, 311.02, 311.06, 349.04],
 [233.06, 311.06, 349.06, 415.02, 415.06, 466.04],
 [311.02, 349.02, 349.06, 349.1, 415.04],
 [311.06, 349.02, 349.06, 415.06],
 [349.06, 415.06, 415.12, 466.04]

SYJ haegeum gukakjeonjip with sikimse (10)

[208.02, 208.12, 233.06, 233.1, 262.06],
 [208.06, 233.02, 262.04, 349.06],
 [208.06, 233.06, 311.06, 349.04, 349.06, 349.12],
 [233.02, 233.06, 262.1, 311.06],
 [233.04, 233.06, 262.02, 262.06, 311.06, 311.0601, 349.06],
 [233.06, 262.06, 311.06, 349.06],
 [311.02, 311.06, 349.04, 349.06],
 [311.02, 349.02, 349.06, 349.1, 415.04],
 [311.06, 349.06, 415.02, 415.06, 466.04],
 [349.06, 415.06, 415.12, 466.04]