262.04
349.32
262.18
349.4201
392.04
466.02
523.24
622.1601
523.02
392.1801
349.12
392.04
349.02
233.04
311.02
262.18
392.04
466.0201
523.22
466.01
392.01
349.18
349.06
392.04
466.0201
523.24
622.1601
523.02
392.1801
349.12
392.04
349.02
233.04
311.02
262.18
233.04
311.02
262.06
262.18
392.1801
349.16
311.02
262.18
349.18
392.04
349.02
233.04
311.02
262.12
311.1201
349.18
262.18
349.18
262.18
311.015
262.015
311.015
262.015
262.12
233.04
311.02
262.12
349.18
392.04
349.02
311.12
262.03
233.01
311.02
233.12
349.12
392.04
349.02
233.04
311.02
262.12
262.36
392.1801
349.4201
392.04
466.0201
523.24
622.1601
523.02
392.1801
349.12
392.04
349.02
233.04
311.02
262.18
392.04
466.0201
523.22
466.01
392.01
349.18
349.06
392.04
466.0201
523.24
622.1601
523.02
392.1801
349.12
392.04
349.02
233.04
311.02
262.18
233.04
311.02
262.06
262.18
392.1801
349.16
311.02
262.18
349.18
392.04
349.02
233.04
311.02
262.12
311.1201
349.18
262.18
349.18
262.18
311.015
262.015
311.015
262.015
262.12
233.04
311.02
262.12
349.18
392.04
349.02
311.12
262.03
233.01
311.02
233.12
349.12
392.04
349.02
233.04
311.02
262.12
262.18
392.1801
349.1801
466.02
523.1
466.06
349.18
349.04
392.02
466.02
523.22
466.06
349.18
349.04
392.02
466.02
523.1
622.18
523.18
466.36
349.18
349.04
392.02
466.02
523.1
622.18
523.18
466.36
349.18
349.04
392.02
466.02
523.64
466.48
349.02
392.2201
466.18
349.18
466.18
349.18
392.015
349.015
392.015
349.015
349.12
349.1
392.02
466.04
523.2
466.18
349.18
349.04
392.02
466.02
523.16
466.12
392.04
466.02
523.1
466.02
392.02
349.08
392.02
466.0601
622.0601
523.1
466.02
392.1801
349.24
262.02
349.2801
262.02
233.16
311.1801
262.02
233.16
311.01
233.1701








































