[4, 10, 20, 21]
[16, 25, 56, 58]
[4, 9, 10, 11, 12]
[4, 6, 7, 9, 19, 33]
[4, 5, 6, 9, 19]
[9, 10, 20, 47]
[5, 6, 7, 9, 31, 35]
[6, 7, 31, 34]
[2, 6, 16, 17, 25]
[4, 9, 31, 45]
[4, 5, 21, 29]
[4, 5, 9, 10, 29, 44]
[4, 5, 20, 41, 48]
[7, 10, 21, 33, 34]
[6, 7, 16, 56, 63]
[6, 7, 16, 56, 64]
[9, 10, 21, 30, 31]
[4, 6, 12, 13, 24, 25]
[4, 5, 6, 12, 13, 14, 15, 16, 25]
[7, 9, 10, 38, 42, 43]
[4, 5, 9, 40, 50]
[4, 5, 6, 7, 12, 60, 61, 62]
[4, 10, 36, 51]
[2, 6, 7, 56, 77]
[4, 9, 18, 87]
[25, 58, 62, 84]
[2, 8, 9, 33]
[4, 5, 12, 25, 28, 58, 83]
[12, 13, 16, 55, 56]
[12, 13, 16, 56, 59]
[12, 13, 16, 56, 65]
[13, 16, 56, 76]
[12, 13, 16, 56, 78]
[2, 4, 5, 7, 20, 28, 82]
[5, 6, 7, 9, 53, 66]
[5, 6, 9, 25, 53, 67]
[4, 6, 9, 31, 53, 90]
[4, 6, 21, 30, 31, 71, 89]
[2, 6, 7, 15, 16, 56, 62, 85, 86]
[16, 56, 79, 80, 81]
[4, 9, 10, 39, 40, 72, 73, 74, 75]
