262.04
349.3201
262.1801
349.4201
392.04
466.0201
523.12
523.12
622.1801
392.1801
349.1201
392.0401
349.02
233.04
311.0801
262.12
392.0401
466.02
523.12
523.1
466.01
392.0101
349.18
349.0601
392.04
466.0201
523.12
523.12
622.1801
392.1801
349.1201
392.0401
349.02
233.04
311.0801
262.12
233.04
311.0201
262.12
262.1201
392.1801
349.1801
262.18
349.1801
392.0401
349.02
233.04
311.0201
262.12
311.1201
349.1801
262.1801
349.1801
262.18
311.015
262.015
311.015
262.015
311.0301
349.01
262.0801
233.04
311.0201
262.12
349.1801
392.04
349.02
311.1201
262.0301
233.01
311.0201
233.12
349.1201
392.0401
349.02
233.04
311.02
262.1801
262.3001
392.1801
349.4201
392.04
466.0201
523.12
523.12
622.1801
392.1801
349.12
392.0401
349.02
233.04
311.0801
262.12
392.04
466.0201
523.12
523.1
466.01
392.0101
349.18
349.0601
392.04
466.0201
523.12
523.12
622.1801
392.1801
349.12
392.0401
349.02
233.04
311.0801
262.12
233.04
311.0201
262.12
262.1201
392.1801
349.1801
262.18
349.1801
392.0401
349.02
233.04
311.0201
262.12
311.1201
349.1801
262.1801
349.1801
262.18
311.015
262.015
311.015
262.015
311.0301
349.01
262.0801
233.04
311.0201
262.12
349.18
392.04
349.02
311.1201
262.0301
233.01
311.0201
233.12
349.1201
392.0401
349.02
233.04
311.0201
262.18
262.1201
392.1801
349.1801
466.02
523.08
523.02
466.1201
349.12
349.0401
392.02
466.0601
523.12
523.1001
523.02
466.0601
349.12
349.0401
392.02
466.0601
523.12
622.1201
523.1601
523.02
466.1801
466.1801
349.18
349.0401
392.02
466.0601
523.12
622.1201
523.1601
523.02
466.1801
466.1801
349.18
349.0401
392.02
466.0601
523.18
523.24
523.18
466.4801
349.02
392.2201
466.1801
349.1801
466.2401
349.1201
392.015
349.015
392.015
349.015
392.0401
349.08
349.1001
392.02
466.06
523.1601
523.02
466.1801
349.18
349.0401
392.02
466.0601
523.1001
523.02
466.12
392.04
466.0201
523.1
466.01
392.0101
349.1001
392.02
466.0601
622.0601
523.1
466.0201
392.1801
349.2401
262.06
349.12
349.1201
262.0201
233.14
262.02
311.1201
349.06
262.0201
233.16
233.18