[24, 32, 38, 27]
[75, 62, 88, 74]
[24, 51, 32, 52, 66]
[24, 35, 0, 51, 39, 43]
[24, 10, 35, 51, 39]
[51, 32, 38, 30]
[10, 35, 0, 51, 14, 46]
[35, 0, 14, 20]
[54, 35, 75, 64, 62]
[24, 51, 14, 17]
[24, 10, 27, 4]
[24, 10, 51, 32, 4, 16]
[24, 10, 38, 26, 2]
[0, 32, 27, 43, 20]
[35, 0, 75, 88, 81]
[35, 0, 75, 88, 72]
[51, 32, 27, 22, 14]
[24, 35, 66, 89, 85, 62]
[24, 10, 35, 66, 89, 86, 91, 75, 62]
[0, 51, 32, 28, 25, 12]
[24, 10, 51, 42, 3]
[24, 10, 35, 0, 66, 79, 92, 76]
[24, 32, 18, 23]
[54, 35, 0, 88, 68]
[24, 51, 59, 48]
[62, 74, 76, 90]
[54, 36, 51, 43]
[24, 10, 66, 62, 55, 74, 65]
[66, 89, 75, 78, 88]
[66, 89, 75, 88, 84]
[66, 89, 75, 88, 87]
[89, 75, 88, 83]
[66, 89, 75, 88, 82]
[54, 24, 10, 0, 38, 55, 40]
[10, 35, 0, 51, 34, 73]
[10, 35, 51, 62, 34, 60]
[24, 35, 51, 14, 34, 31]
[24, 35, 27, 22, 14, 13, 7]
[54, 35, 0, 91, 75, 88, 76, 1, 77]
[75, 88, 69, 67, 80]
[24, 51, 32, 47, 42, 53, 33, 57, 41]
