262.04
349.32
262.16
311.01
262.01
349.4201
392.04
466.02
523.24
622.1601
523.02
392.1801
349.12
349.02
233.04
311.02
262.18
466.0201
523.22
466.01
392.01
349.18
349.06
262.06
349.14
349.01
262.12
311.1201
311.015
262.015
311.12
262.03
233.01
233.12
262.34
349.1801
523.08
622.01
523.01
466.06
349.04
392.02
523.2
523.1
622.18
523.16
466.36
523.62
466.48
392.2201
466.18
349.16
392.015
349.015
349.1
466.04
523.18
523.14
466.12
523.11
349.08
466.0601
622.0601
349.21
262.02
349.2801
233.16
311.1801
233.1701
