699.06
523.12
523.12
523.06
466.06
622.06
466.02
523.04
699.06
523.06
466.06
523.04
466.02
415.09
523.01
466.01
415.01
349.06
311.06
311.06
349.06
466.1
349.02
466.06
415.06
349.06
622.06
466.06
415.06
466.06
699.06
622.06
622.06
466.06
523.06
699.06
622.06
523.02
466.04
622.06
523.02
466.04
622.06
523.04
466.02
622.06
622.06
466.06
622.06
466.02
523.04
699.06
523.06
466.06
523.04
466.02
415.09
523.01
466.01
415.01
349.06
311.06
311.06
349.06
466.1
349.02
466.06
415.06
349.06
699.06
523.12
523.12
523.06
466.06
622.06
466.02
523.04
699.06
523.06
466.06
523.04
466.02
415.12
415.06
523.06
466.04
523.02
622.06
466.06
415.06
466.06
699.06
622.06
622.06
466.06
415.06
466.06
523.1
466.02
523.06
415.12
415.06
523.06
466.04
523.02
622.12
622.06
523.02
466.04
415.06
415.06
466.06
622.06
523.04
466.02
622.06
699.06
622.06
699.06
523.06
622.06
523.06
622.06
523.06
523.06
699.12
699.12
622.06
466.04
523.02
622.12
622.12
523.06
622.12
523.06
622.12
523.06
622.06
523.06
415.06
523.06
622.06
523.06
699.12
699.06
622.06
699.06
622.06
699.06
523.12
523.12
523.06
466.06
622.06
466.02
523.04
699.06
523.06
466.06
523.04
466.02
415.09
523.01
466.01
415.01
349.06
311.06
311.06
349.06
466.1
349.02
466.06
415.06
349.06
622.06
466.06
622.06
523.12
466.06
523.1
466.02
415.06
466.06
523.1
466.02
523.06
415.06
523.1
466.02
523.06
415.06
466.06
622.06
466.06
415.06
466.06
415.06
415.06
349.06
349.04
311.02
349.06
349.04
311.02
349.06
415.12
466.06
622.06
466.06
415.06
415.06
349.06
349.04
311.02
349.06
349.04
311.02
349.06
415.1
349.02
415.06
466.12
466.06
415.1
349.02
311.06
311.06
415.12
415.06
311.06
349.06
466.06
415.06
349.06
415.1
349.02
415.06
311.06
349.12
415.12
466.06
622.06
466.06
466.06
415.06
349.06
466.06
415.06
311.06
349.06
466.06
523.1
466.02
622.06
523.06
466.06
523.1
466.02
415.06
466.06
523.06
466.06
349.06
415.1
349.02
466.06
415.06
349.02
311.04
466.04
523.02
622.12
622.12
622.06
466.04
523.02
622.12
523.06
699.11
831.01
523.36
622.06
523.06
622.06
523.06
622.06
523.06
622.06
523.06
415.06
523.06
699.06
622.06
622.06
466.06
415.06
466.06
699.06
622.06
622.06
466.06
622.06
466.06
622.06
622.06
466.06
622.06
466.04
523.02
699.06
523.06
466.06
523.06
415.12
415.06
523.06
466.06
523.06
415.12
415.06
523.06
466.06
415.06
523.06
466.06
415.06
523.12
622.06
699.11
831.01
523.12
466.06
311.06
233.06
311.06
311.06
349.12
415.12
466.06
622.06
466.06
466.06
415.06
349.06
466.06
415.06
311.06
349.06
466.06
523.1
466.02
622.06
523.06
466.06
523.1
466.02
415.06
466.06
523.06
466.06
523.06
415.06
523.1
466.02
523.04
466.02
415.06
523.06
415.06
415.06
523.06
466.04
523.02
466.02
415.04
349.06
466.06
415.06
349.1
311.02
349.06
415.12
349.02
311.04
415.12
466.02
415.04
466.06
466.06
622.06
523.18
466.06
466.06
622.06
523.06
622.06
523.06
699.06
523.1
466.02
415.06
466.06
415.06
349.1
311.02
349.06
466.06
622.06
466.06
622.06
311.12
311.06
415.12
415.06
311.06
349.06
466.06
415.06
349.06
415.1
349.02
415.04
349.02
311.06
262.06
233.06
