262.04
349.3201
262.16
311.01
262.01
349.4201
392.04
466.0201
523.2401
622.1601
523.02
392.1801
349.1201
392.0401
349.02
233.04
311.02
262.18
392.04
466.0201
523.2201
466.01
392.01
349.18
349.0601
392.04
466.0201
523.2401
622.1601
523.02
392.1801
349.1201
392.0401
349.02
233.04
311.02
262.18
233.04
311.02
262.06
262.16
311.01
262.01
392.1801
349.1401
392.01
349.01
311.02
262.16
311.01
262.01
349.1801
392.0401
349.02
233.04
311.02
262.1201
311.1201
349.1801
262.16
311.01
262.01
349.18
262.18
311.015
262.015
311.015
262.015
262.1201
233.04
311.02
262.12
349.1801
392.0401
349.02
311.12
262.03
233.01
311.02
233.12
349.1201
392.0401
349.02
233.04
311.02
262.12
262.3401
311.01
262.01
392.1801
349.4201
392.04
466.0201
523.2401
622.1601
523.02
392.1801
349.1201
392.0401
349.02
233.04
311.02
262.18
392.04
466.0201
523.2201
466.01
392.01
349.18
349.0601
392.04
466.0201
523.2401
622.1601
523.02
392.1801
349.1201
392.0401
349.02
233.04
311.02
262.18
233.04
311.02
262.06
262.16
311.01
262.01
392.1801
349.1401
392.01
349.01
311.02
262.16
311.01
262.01
349.1801
392.0401
349.02
233.04
311.02
262.1201
311.1201
349.18
262.16
311.01
262.01
349.18
262.18
311.015
262.015
311.015
262.015
262.1201
233.04
311.02
262.12
349.1801
392.0401
349.02
311.12
262.03
233.01
311.02
233.12
349.1201
392.0401
349.02
233.04
311.02
262.12
262.16
311.01
262.01
392.1801
349.1801
466.02
523.08
622.01
523.01
466.06
349.1801
349.0401
392.02
466.02
523.2001
622.01
523.01
466.06
349.1801
349.0401
392.02
466.02
523.1
622.18
523.16
622.01
523.01
466.36
349.1801
349.0401
392.02
466.02
523.1
622.18
523.16
622.01
523.01
466.36
349.1801
349.0401
392.02
466.02
523.6201
622.01
523.01
466.4801
349.02
392.2201
466.18
349.1601
392.01
349.01
466.18
349.1801
392.015
349.015
392.015
349.015
349.1201
349.1001
392.02
466.04
523.18
622.01
523.01
466.18
349.1801
349.0401
392.02
466.02
523.14
622.01
523.01
466.12
392.04
466.0201
523.11
466.01
392.02
349.08
392.02
466.0601
622.0601
523.1
466.02
392.1801
349.2101
392.01
349.01
311.01
262.02
349.2801
262.02
233.16
311.1801
262.02
233.1601
311.01
233.1701
