[18, 24, 27, 19]
[40, 0, 24, 31]
[40, 8, 39, 50]
[25, 0, 39, 28, 31]
[39, 19, 9, 34]
[18, 25, 0, 20]
[40, 25, 0, 57, 48]
[40, 14, 18, 19]
[40, 70, 67, 72, 57, 48]
[39, 24, 27, 22]
[25, 0, 57, 63]
[25, 0, 69, 55]
[18, 39, 24, 9, 12]
[40, 14, 8, 19, 1]
[40, 14, 50, 19, 3, 74, 15]
[40, 25, 70, 57, 66, 47]
[8, 39, 30, 2]
[8, 25, 0, 24, 74, 13, 21]
[40, 0, 50, 61, 73, 58]
[39, 24, 44, 36]
[25, 0, 57, 52]
[25, 0, 69, 59]
[25, 0, 42, 29]
[50, 57, 60, 69]
[50, 57, 69, 65]
[50, 57, 69, 68]
[70, 57, 69, 64]
[57, 47, 58, 71]
[18, 8, 13, 17]
[38, 0, 57, 69, 52, 51, 62]
