[19, 25, 28, 20]
[41, 0, 25, 32]
[41, 9, 40, 51]
[26, 0, 40, 29, 32]
[40, 20, 10, 35]
[19, 26, 0, 21]
[41, 26, 0, 58, 49]
[41, 15, 19, 20]
[41, 71, 68, 73, 58, 49]
[40, 25, 28, 23]
[26, 0, 58, 64]
[26, 0, 70, 56]
[19, 40, 25, 10, 13]
[9, 25, 20, 3]
[9, 25, 20, 1]
[9, 25, 3, 12]
[41, 26, 71, 58, 67, 48]
[9, 40, 31, 2]
[41, 15, 26, 4, 14, 22]
[41, 0, 51, 62, 74, 59]
[40, 25, 45, 37]
[19, 25, 14, 18]
[26, 0, 58, 53]
[26, 0, 70, 60]
[26, 0, 43, 30]
[51, 58, 61, 70]
[51, 58, 70, 66]
[51, 58, 70, 69]
[71, 58, 70, 65]
[58, 48, 59, 72]
[39, 0, 58, 70, 53, 52, 63]
