523.04
699.3
784.02
523.16
622.01
523.01
699.02
0.02
699.3001
699.03
784.01
699.01
932.0401
1245.02
1047.24
1245.15
1047.01
932.0201
784.1401
699.05
699.04
622.02
466.04
9999.02
523.18
1047.23
932.01
699.12
523.22
523.02
784.1601
699.1
699.15
523.12
622.0401
622.0301
699.16
699.09
622.015
523.015
523.08
523.1
784.0601
622.05
466.01
466.08
466.02
523.34
699.0301
699.1101
1047.07
1245.01
1047.0101
932.02
1047.19
1047.08
1245.18
1047.02
1047.13
932.29
1047.61
932.44
784.1501
784.0301
932.16
932.12
784.015
699.015
784.04
699.08
1047.17
932.11
932.0601
1047.09
932.03
1245.06
1047.05
699.2
699.26
466.14
622.1001
466.16
466.18
