[4, 10, 19, 20]
[2, 7, 10, 30]
[2, 5, 9, 11]
[6, 7, 9, 18, 30]
[9, 20, 28, 31]
[4, 6, 7, 34]
[2, 6, 7, 15, 16]
[2, 3, 4, 20]
[2, 12, 13, 14, 15, 16]
[9, 10, 19, 40]
[6, 7, 15, 52]
[6, 7, 47, 53]
[4, 9, 10, 28, 38]
[5, 10, 20, 26]
[5, 10, 20, 41]
[5, 10, 26, 37]
[2, 6, 12, 15, 23, 24]
[5, 9, 36, 43]
[2, 3, 6, 21, 32, 33]
[2, 7, 11, 49, 50, 51]
[9, 10, 17, 69]
[4, 10, 32, 44]
[6, 7, 15, 63]
[6, 7, 47, 68]
[6, 7, 60, 61]
[11, 15, 46, 47]
[11, 15, 47, 48]
[11, 15, 47, 54]
[12, 15, 47, 62]
[15, 24, 51, 67]
[1, 7, 15, 47, 63, 64, 65]
