[30, 1, 19, 2]
[14, 6, 19, 15, 33]
[14, 6, 19, 39, 33, 23]
[19, 15, 13, 18, 7]
[14, 17, 6, 44, 30, 25, 1, 19]
[14, 17, 6, 44, 19, 39, 31, 23]
[14, 6, 42, 1, 19, 15, 33, 27]
[14, 6, 42, 66, 70, 57, 44, 19, 15]
[25, 19, 20, 9, 0]
[34, 56, 50, 54]
[43, 25, 45, 53]
[17, 6, 12, 16]
[14, 17, 6, 42, 48, 19, 15, 65, 46, 39, 23]
[14, 17, 44, 46, 33, 47, 41]
[17, 44, 30, 47, 26, 41, 29]
[30, 43, 34, 40, 24]
[47, 41, 59, 51, 69]
[34, 47, 58, 68, 56, 41]
[34, 47, 68, 56, 41, 64]
[34, 47, 68, 56, 50, 41, 59, 71, 62]
[34, 47, 68, 56, 41, 67]
[34, 47, 68, 56, 41, 61]
[46, 39, 33, 34, 53, 32]
[6, 30, 43, 25, 34, 56, 55]
[25, 1, 34, 47, 68, 50, 41, 49, 63]
[6, 38, 42, 68, 56, 50, 52]
