523.04
699.3001
784.02
523.16
622.01
523.01
699.0201
0.02
699.03
784.01
699.01
784.0101
932.0401
1245.02
1047.2401
1245.1501
1047.0101
932.0201
784.1401
699.05
699.0401
622.0201
466.04
9999.02
523.1801
1047.2301
932.01
699.12
699.0301
784.0201
523.2201
523.0201
784.1601
699.1
523.1601
699.1501
523.1201
622.0401
622.0301
699.1601
699.0901
622.02
622.015
523.015
523.0801
523.1001
784.0601
622.0501
466.01
466.0801
466.0201
523.3401
523.0101
699.02
699.1101
1047.0701
1245.01
932.02
1047.01
1047.1901
1047.0801
1245.1801
1047.0201
1047.13
932.2901
1047.6101
932.4401
784.1501
784.0301
932.16
932.12
523.02
784.015
699.015
784.04
699.0801
1047.1701
932.11
1047.1301
932.1101
932.0601
1047.0901
699.08
932.0301
1245.0601
0.0201
1047.05
699.2001
699.2601
466.1401
622.1001
466.1601
466.1801
