262.04
349.3201
262.1801
349.4201
392.04
466.0201
523.12
622.1801
392.1801
349.1201
392.0401
349.02
233.04
311.0801
262.12
466.02
523.1
466.01
392.0101
349.18
349.0601
311.0201
262.1201
349.1801
262.18
311.1201
311.015
262.015
311.0301
349.01
262.0801
262.0301
233.01
233.12
311.02
262.3001
523.08
523.0201
466.1201
349.0401
392.02
466.0601
523.1001
622.1201
523.1601
466.1801
523.18
523.24
466.4801
392.2201
466.2401
392.015
349.015
349.08
349.1001
466.06
466.12
622.0601
349.2401
262.06
349.12
262.0201
233.14
262.02
349.06
233.16
233.1801
