[12, 15, 16, 35]
[2, 4, 16, 17, 21]
[2, 4, 16, 20, 21, 25]
[16, 17, 27, 29, 30]
[2, 3, 4, 11, 12, 14, 15, 16]
[2, 3, 4, 11, 16, 20, 24, 25]
[2, 4, 6, 15, 16, 17, 21, 22]
[2, 4, 6, 8, 9, 10, 11, 16, 17]
[14, 16, 32, 33, 34]
[26, 40, 41, 48]
[13, 14, 51, 52]
[3, 4, 31, 36]
[2, 3, 4, 6, 7, 16, 17, 18, 19, 20, 25]
[2, 3, 11, 19, 21, 37, 43]
[3, 11, 12, 37, 42, 43, 56]
[12, 13, 26, 54, 55]
[37, 43, 45, 63, 64]
[26, 37, 38, 39, 40, 43]
[26, 37, 39, 40, 43, 44]
[26, 37, 39, 40, 41, 43, 45, 46, 47]
[26, 37, 39, 40, 43, 49]
[26, 37, 39, 40, 43, 59]
[19, 20, 21, 26, 52, 53]
[4, 12, 13, 14, 26, 40, 50]
[14, 15, 26, 37, 39, 41, 43, 57, 58]
[4, 5, 6, 39, 40, 41, 60]
