[23, 31, 37, 26]
[74, 61, 87, 73]
[23, 50, 31, 51, 65]
[23, 34, 0, 50, 38, 42]
[23, 9, 34, 50, 38]
[50, 31, 37, 29]
[9, 34, 0, 50, 13, 45]
[34, 0, 13, 19]
[53, 34, 74, 63, 61]
[23, 50, 13, 16]
[23, 9, 37, 25, 2]
[0, 31, 26, 42, 19]
[34, 0, 74, 87, 80]
[34, 0, 74, 87, 71]
[50, 31, 26, 21, 13]
[23, 34, 65, 88, 84, 61]
[65, 37, 26, 4, 92, 20]
[23, 9, 34, 65, 88, 85, 90, 74, 61]
[0, 50, 31, 27, 24, 11]
[23, 9, 50, 41, 3]
[23, 9, 34, 0, 65, 78, 91, 75]
[53, 34, 0, 87, 67]
[23, 50, 58, 47]
[23, 9, 17, 22]
[61, 73, 75, 89]
[53, 35, 50, 42]
[23, 9, 65, 61, 54, 73, 64]
[65, 88, 74, 77, 87]
[65, 88, 74, 87, 83]
[65, 88, 74, 87, 86]
[88, 74, 87, 82]
[65, 88, 74, 87, 81]
[53, 23, 9, 0, 37, 54, 39]
[23, 9, 34, 28, 15, 33]
[9, 34, 0, 50, 33, 72]
[9, 34, 50, 61, 33, 59]
[23, 34, 50, 13, 33, 30]
[23, 34, 26, 21, 13, 12, 6]
[53, 34, 0, 90, 74, 87, 75, 1, 76]
[74, 87, 68, 66, 79]
[23, 50, 31, 46, 41, 52, 32, 56, 40]
