523.04
699.3
784.02
523.16
622.01
523.01
699.02
0.02
699.3001
784.02
699.03
784.01
699.01
784.01
932.0401
1245.02
1047.24
1245.15
1047.01
932.0201
784.02
0.02
784.1401
699.02
0.02
699.05
784.01
699.01
622.01
699.04
622.02
466.04
9999.02
523.18
932.0401
1245.02
1047.23
932.01
699.02
0.02
699.12
699.02
699.03
622.01
784.02
932.0401
1245.02
1047.24
1245.15
1047.01
932.0201
784.02
0.02
784.1401
699.02
0.02
699.05
784.01
699.01
622.01
699.04
622.02
466.04
9999.02
523.18
466.04
622.02
523.22
523.02
699.02
784.1601
699.02
0.02
699.1
784.01
699.01
622.02
523.16
523.02
699.15
784.01
699.01
622.01
699.04
622.02
466.04
9999.02
523.12
622.0401
699.02
622.0301
699.01
622.01
699.01
699.16
784.02
523.16
523.02
699.09
784.01
699.01
622.01
699.04
622.02
523.16
0.02
622.015
523.015
622.015
523.015
622.0301
699.01
523.08
466.04
523.01
622.01
523.1
523.02
699.15
784.01
699.01
622.02
784.0601
699.04
622.05
784.01
699.01
622.01
523.01
466.01
622.02
622.02
466.08
622.01
523.01
466.02
699.09
784.01
699.01
622.01
699.04
622.02
466.04
9999.02
523.12
523.34
622.01
523.01
699.02
784.1601
699.02
0.02
699.3001
784.02
699.0301
784.01
699.01
784.01
932.0401
1245.02
1047.24
1245.15
523.01
932.0201
784.02
0.02
784.1401
699.02
0.02
699.05
784.01
699.01
622.01
699.04
622.02
466.04
9999.02
523.18
932.0401
1245.02
1047.23
932.01
699.02
0.02
699.12
699.02
699.03
622.01
784.02
932.0401
1245.02
1047.24
1245.15
1047.01
932.0201
784.02
0.02
784.1401
699.02
0.02
699.05
784.01
699.01
622.01
699.04
622.02
466.04
9999.02
523.18
466.04
622.02
523.22
523.02
699.02
784.1601
699.02
0.02
699.1
784.01
699.01
622.02
523.16
523.02
699.15
784.01
699.01
622.01
699.04
622.02
466.04
9999.02
523.12
622.0401
699.02
622.0301
699.01
622.01
699.01
699.16
784.02
523.16
523.02
699.09
784.01
699.01
622.01
699.04
622.02
523.16
0.02
622.015
523.015
622.015
523.015
622.0301
699.01
523.08
466.04
523.01
622.01
523.1
523.02
699.15
784.01
699.01
622.02
784.0601
699.04
622.05
784.01
699.01
622.01
523.01
466.01
622.02
622.02
466.08
622.01
523.01
466.02
699.09
784.01
699.01
622.01
699.04
622.02
466.04
9999.02
523.12
523.16
622.01
523.01
699.02
784.1601
699.02
0.02
699.1101
784.01
699.01
784.01
932.0401
1047.07
1245.01
1047.0101
932.02
1245.01
1047.01
932.01
699.02
0.02
699.1
784.01
699.01
622.02
699.03
622.01
784.02
932.0401
1047.19
1245.01
1047.0101
932.02
1245.01
1047.01
932.01
699.02
0.02
699.1
784.01
699.01
622.02
699.03
622.01
784.02
932.0401
1047.08
1245.18
1047.02
0.02
1047.13
1245.01
1047.0101
932.01
0.02
932.29
1245.01
1047.01
932.01
699.02
0.02
699.1
784.01
699.01
622.02
699.03
622.01
784.02
932.0401
1047.08
1245.18
1047.02
0.02
1047.13
1245.01
1047.0101
932.01
0.02
932.29
1245.01
1047.01
932.01
699.02
0.02
699.1
784.01
699.01
622.02
699.03
622.01
784.02
932.0401
1047.61
1245.01
1047.0101
932.01
0.02
932.44
699.02
784.1501
932.01
784.0301
932.01
784.01
932.01
932.16
1047.02
699.16
784.01
699.01
932.02
0.02
932.12
1047.02
523.02
699.16
784.015
699.015
784.015
699.015
784.04
699.08
699.09
622.01
784.02
932.0401
1245.02
1047.17
1245.01
1047.0101
932.01
0.02
932.11
1245.01
1047.01
932.01
699.02
0.02
699.1
784.01
699.01
622.02
699.03
622.01
784.02
932.0401
1047.13
1245.01
1047.0101
932.11
932.0601
1047.09
1245.01
1047.01
932.01
784.02
699.08
784.02
932.03
1047.01
932.01
1047.01
1245.06
1047.02
0.02
1047.05
1245.01
1047.01
932.01
784.02
0.02
784.1401
699.2
784.01
699.01
622.02
523.02
699.26
784.02
523.02
466.14
523.02
622.1001
699.02
622.0301
699.01
622.01
699.01
523.02
466.16
466.18