[6, 7, 20, 37, 38]
[4, 6, 11, 12, 20]
[4, 6, 7, 8, 9, 10, 11, 20]
[12, 14, 15, 31]
[15, 16, 25, 27, 28]
[2, 3, 6, 14, 15, 20]
[4, 11, 19, 20, 23]
[2, 4, 15, 19, 20, 24]
[13, 15, 26, 29, 30]
[6, 7, 14, 15, 17, 18, 19, 24]
[20, 35, 36, 43]
[6, 13, 46, 47]
[3, 4, 25, 32]
[6, 12, 38, 51]
[4, 11, 19, 58]
[6, 12, 20, 49, 50]
[6, 20, 35, 55]
[6, 7, 20, 34, 35, 36, 40, 41, 42]
[2, 4, 5, 7, 36, 40, 57]
[2, 4, 5, 7, 18, 19, 47, 48]
[4, 6, 13, 20, 26, 35, 45]
[7, 33, 34, 40, 41, 42]
[7, 34, 39, 40, 41, 42]
[7, 34, 40, 41, 42, 44]
[7, 34, 40, 41, 42, 54]
[2, 3, 4, 5, 6, 7, 34, 38, 43, 52, 53]
