[38, 42, 30, 23, 37]
[5, 38, 39, 27, 30]
[5, 38, 42, 58, 62, 50, 39, 30]
[27, 1, 17, 2]
[17, 13, 11, 16, 6]
[12, 15, 38, 1, 17, 30]
[5, 39, 35, 30, 28]
[12, 5, 17, 35, 30, 20]
[22, 17, 18, 8, 0]
[38, 42, 1, 17, 57, 41, 35, 20]
[30, 49, 44, 47]
[38, 22, 40, 46]
[15, 5, 11, 14]
[38, 27, 37, 26]
[5, 39, 35, 31]
[38, 27, 30, 36, 21]
[38, 30, 49, 45]
[38, 42, 30, 60, 49, 44, 52, 63, 54]
[12, 5, 34, 42, 44, 52, 61]
[12, 5, 34, 42, 41, 35, 46, 29]
[5, 38, 22, 30, 18, 49, 48]
[42, 51, 60, 52, 63, 54]
[42, 60, 56, 52, 63, 54]
[42, 60, 52, 63, 54, 59]
[42, 60, 52, 63, 54, 53]
[12, 15, 5, 34, 38, 42, 60, 37, 47, 43, 55]
