523.04
699.3
784.02
523.16
622.01
523.01
699.02
0.02
699.03
784.01
699.01
932.04
1245.02
1047.24
1245.15
1047.01
932.02
784.14
699.05
699.04
622.02
466.06
523.18
1047.23
932.01
699.12
466.04
523.22
523.02
784.16
699.1
699.15
523.12
622.04
622.03
699.16
699.09
523.08
523.1
784.06
622.05
466.01
466.08
466.02
523.34
699.11
1047.07
1245.01
1047.19
1047.08
1245.18
1047.02
1047.13
932.29
1047.61
932.44
784.15
784.03
932.16
932.12
784.04
699.08
1047.17
932.11
932.06
1047.09
932.03
1245.06
1047.05
699.2
699.26
466.14
622.1
466.16
466.18
