262.04
349.32
262.18
349.42
392.04
466.02
523.12
523.12
622.18
392.18
349.12
392.04
349.02
233.04
311.08
262.12
392.04
466.02
523.12
523.1
466.01
392.01
349.18
349.06
392.04
466.02
523.12
523.12
622.18
392.18
349.12
392.04
349.02
233.04
311.08
262.12
233.04
311.02
262.12
262.12
392.18
349.18
262.18
349.18
392.04
349.02
233.04
311.02
262.12
311.12
349.18
262.18
349.18
262.18
311.015
262.015
311.015
262.015
311.03
349.01
262.08
233.04
311.02
262.12
349.18
392.04
349.02
311.12
262.03
233.01
311.02
233.12
349.12
392.04
349.02
233.04
311.02
262.18
262.3
392.18
349.42
392.04
466.02
523.12
523.12
622.18
392.18
349.12
392.04
349.02
233.04
311.08
262.12
392.04
466.02
523.12
523.1
466.01
392.01
349.18
349.06
392.04
466.02
523.12
523.12
622.18
392.18
349.12
392.04
349.02
233.04
311.08
262.12
233.04
311.02
262.12
262.12
392.18
349.18
262.18
349.18
392.04
349.02
233.04
311.02
262.12
311.12
349.18
262.18
349.18
262.18
311.015
262.015
311.015
262.015
311.03
349.01
262.08
233.04
311.02
262.12
349.18
392.04
349.02
311.12
262.03
233.01
311.02
233.12
349.12
392.04
349.02
233.04
311.02
262.18
262.12
392.18
349.18
466.02
523.08
523.02
466.12
349.12
349.04
392.02
466.06
523.12
523.1
523.02
466.06
349.12
349.04
392.02
466.06
523.12
622.12
523.16
523.02
466.18
466.18
349.18
349.04
392.02
466.06
523.12
622.12
523.16
523.02
466.18
466.18
349.18
349.04
392.02
466.06
523.18
523.24
523.18
466.48
349.02
392.22
466.18
349.18
466.24
349.12
392.015
349.015
392.015
349.015
392.04
349.08
349.1
392.02
466.06
523.16
523.02
466.18
349.18
349.04
392.02
466.06
523.1
523.02
466.12
392.04
466.02
523.1
466.01
392.01
349.1
392.02
466.06
622.06
523.1
466.02
392.18
349.24
262.06
349.12
349.12
262.02
233.14
262.02
311.12
349.06
262.02
233.16
233.18
