[1, 22, 13, 20]
[44, 33, 43, 35]
[66, 44, 33, 35, 27]
[33, 1, 20, 2]
[26, 13, 20, 35]
[44, 26, 13, 20, 14, 35]
[60, 66, 44, 35, 27, 41, 50]
[42, 48, 58, 46, 39, 34, 29]
[26, 1, 13, 20, 23, 9, 0]
[16, 48, 60, 66, 44, 43, 35, 56, 65, 61, 53]
[16, 42, 13, 41]
[43, 26, 53, 45]
[16, 26, 1, 19]
[48, 60, 58, 39, 31]
[33, 43, 40, 25]
[16, 44, 33, 43, 26, 1, 35, 15, 18, 6, 21, 24, 12]
[16, 48, 60, 66, 43, 47]
[16, 43, 47, 57, 56, 53]
[44, 33, 56, 52, 53]
[16, 56, 41, 61, 49]
[42, 48, 60, 56, 61, 51]
[44, 33, 26, 23, 8, 28]
[16, 44, 33, 43, 41, 30, 31]
[16, 38, 42, 48, 60, 43, 26, 35, 41, 50, 62, 55]
[44, 33, 36, 11, 32]
[16, 66, 33, 23, 8, 3, 7]
