262.04
349.32
262.16
311.01
262.01
349.42
392.04
466.02
523.24
622.16
523.02
392.18
349.12
392.04
349.02
233.04
311.02
262.18
392.04
466.02
523.22
466.01
392.01
349.18
349.06
392.04
466.02
523.24
622.16
523.02
392.18
349.12
392.04
349.02
233.04
311.02
262.18
233.04
311.02
262.06
262.16
311.01
262.01
392.18
349.14
392.01
349.01
311.02
262.16
311.01
262.01
349.18
392.04
349.02
233.04
311.02
262.12
311.12
349.18
262.16
311.01
262.01
349.18
262.18
311.015
262.015
311.015
262.015
262.12
233.04
311.02
262.12
349.18
392.04
349.02
311.12
262.03
233.01
311.02
233.12
349.12
392.04
349.02
233.04
311.02
262.12
262.34
311.01
262.01
392.18
349.42
392.04
466.02
523.24
622.16
523.02
392.18
349.12
392.04
349.02
233.04
311.02
262.18
392.04
466.02
523.22
466.01
392.01
349.18
349.06
392.04
466.02
523.24
622.16
523.02
392.18
349.12
392.04
349.02
233.04
311.02
262.18
233.04
311.02
262.06
262.16
311.01
262.01
392.18
349.14
392.01
349.01
311.02
262.16
311.01
262.01
349.18
392.04
349.02
233.04
311.02
262.12
311.12
349.18
262.16
311.01
262.01
349.18
262.18
311.015
262.015
311.015
262.015
262.12
233.04
311.02
262.12
349.18
392.04
349.02
311.12
262.03
233.01
311.02
233.12
349.12
392.04
349.02
233.04
311.02
262.12
262.16
311.01
262.01
392.18
349.18
466.02
523.08
622.01
523.01
466.06
349.18
349.04
392.02
466.02
523.2
622.01
523.01
466.06
349.18
349.04
392.02
466.02
523.1
622.18
523.16
622.01
523.01
466.36
349.18
349.04
392.02
466.02
523.1
622.18
523.16
622.01
523.01
466.36
349.18
349.04
392.02
466.02
523.62
622.01
523.01
466.48
349.02
392.22
466.18
349.16
392.01
349.01
466.18
349.18
392.015
349.015
392.015
349.015
349.12
349.1
392.02
466.04
523.18
622.01
523.01
466.18
349.18
349.04
392.02
466.02
523.14
622.01
523.01
466.12
392.04
466.02
523.1
466.02
392.02
349.08
392.02
466.06
622.06
523.1
466.02
392.18
349.21
392.01
349.01
311.01
262.02
349.28
262.02
233.16
311.18
262.02
233.16
311.01
233.17
