[12, 13, 14, 21]
[8, 9, 10, 23]
[7, 8, 9, 23, 39]
[9, 12, 21, 33]
[11, 14, 21, 23]
[8, 11, 14, 21, 22, 23]
[6, 7, 8, 23, 39, 40, 41]
[4, 5, 16, 17, 18, 19, 20]
[11, 12, 14, 21, 25, 31, 32]
[2, 5, 6, 7, 8, 10, 23, 37, 43, 44, 45]
[2, 4, 14, 40]
[10, 11, 45, 49]
[2, 11, 12, 34]
[5, 6, 16, 18, 54]
[9, 10, 51, 52]
[2, 8, 9, 10, 11, 12, 23, 24, 26, 27, 28, 29, 30]
[2, 5, 6, 7, 10, 15]
[2, 10, 15, 36, 37, 45]
[8, 9, 37, 38, 45]
[2, 37, 40, 44, 55]
[4, 5, 6, 37, 44, 56]
[8, 9, 11, 25, 61, 64]
[2, 8, 9, 10, 40, 53, 54]
[2, 3, 4, 5, 6, 10, 11, 23, 40, 41, 46, 48]
[8, 9, 58, 59, 60]
[2, 7, 9, 25, 61, 62, 63]
