349.06
262.12
262.06
233.05
262.01
233.06
349.06
311.06
311.06
349.06
262.06
233.06
262.06
208.12
233.1
208.02
233.06
208.06
233.06
311.06
233.06
208.06
233.06
311.06
233.06
233.06
311.06
311.06
262.02
233.04
311.06
233.06
262.06
349.06
311.06
262.02
233.04
311.06
262.02
233.04
311.06
262.04
233.02
311.06
311.06
233.06
311.06
233.02
262.04
349.06
262.06
233.06
262.06
208.12
233.1
208.02
233.06
208.06
233.06
311.06
233.06
208.06
233.06
349.06
262.06
311.06
262.06
349.06
262.04
233.02
349.06
311.06
311.06
349.06
262.06
233.06
262.06
208.12
208.06
262.06
233.05
262.01
311.06
233.06
208.06
233.06
349.06
311.06
311.06
233.06
208.06
233.06
262.1
233.02
262.06
208.12
208.06
262.06
233.05
262.01
311.12
311.06
262.04
233.02
208.06
208.06
233.06
311.06
262.04
233.02
311.06
349.06
311.06
349.06
262.06
311.06
262.06
311.06
262.06
349.06
466.12
415.1
349.02
311.06
415.1
349.02
311.06
311.06
415.1
349.02
415.06
311.06
415.06
311.06
415.04
349.02
311.06
349.06
311.06
262.02
233.04
311.06
349.06
415.06
415.06
349.06
466.06
415.06
349.06
311.06
349.06
262.12
262.06
233.05
262.01
233.06
349.06
311.06
311.06
349.06
262.06
233.06
262.06
208.12
233.1
208.02
233.06
208.06
233.06
311.06
233.06
208.06
233.06
311.06
233.06
311.06
262.12
233.06
262.12
208.06
233.06
262.1
233.02
262.06
208.06
262.1
233.02
262.06
208.06
233.06
311.06
233.06
208.06
233.06
262.06
349.02
415.04
349.1
311.02
349.1
311.02
349.06
415.1
349.02
415.06
466.06
415.06
466.04
415.02
349.02
415.04
349.1
311.02
349.1
311.02
349.06
415.1
349.02
415.06
466.12
466.06
415.1
349.02
311.06
311.06
415.1
349.02
415.06
311.06
349.06
466.06
415.06
349.06
415.1
349.02
415.04
349.02
311.06
262.06
233.06
349.06
311.06
262.02
233.04
311.06
349.06
415.06
415.06
349.06
466.06
415.06
349.06
349.06
233.06
262.1
233.02
311.06
262.06
233.06
262.1
233.02
208.06
233.06
262.06
233.06
349.06
415.1
349.02
466.06
415.06
349.02
311.04
415.04
349.02
311.12
311.12
311.06
415.04
349.02
311.06
311.06
415.06
349.06
311.06
208.06
262.3
311.06
262.06
311.06
262.06
311.06
262.06
349.02
415.04
349.1
311.02
349.06
415.06
349.02
311.04
311.06
233.06
208.06
233.06
349.06
311.06
311.06
233.06
311.06
233.06
311.06
349.04
311.02
233.06
311.06
233.02
262.04
349.06
262.06
233.06
262.06
208.12
208.06
262.06
233.06
262.06
208.12
208.06
262.06
233.06
208.06
262.06
233.06
208.06
262.1
233.02
311.06
349.1
311.02
262.12
233.06
415.1
349.02
415.04
349.02
311.06
262.06
233.06
349.06
311.06
262.02
233.04
311.06
349.06
415.06
415.06
349.06
466.06
415.06
349.06
349.06
233.06
262.1
233.02
311.06
262.06
233.06
262.1
233.02
208.06
233.06
262.06
233.06
262.06
208.06
262.1
233.02
262.06
208.06
262.06
208.06
208.06
262.06
233.05
262.01
233.04
208.02
349.06
466.06
415.06
349.1
311.02
349.06
415.12
349.02
311.04
415.12
466.04
415.02
311.06
233.06
311.06
262.18
311.06
233.06
311.06
262.06
311.06
262.06
349.06
262.1
233.02
208.06
233.06
208.06
349.12
349.04
311.02
415.1
349.02
311.06
415.1
349.02
311.06
311.06
415.1
349.02
415.06
311.06
349.06
466.06
415.06
349.06
415.1
349.02
415.04
349.02
311.06
262.06
233.06
