349.09
415.03
311.06
349.12
523.06
466.11
523.01
349.06
311.09
262.03
233.06
311.12
349.06
466.11
523.01
349.06
311.12
349.06
466.11
523.01
349.06
311.12
349.06
415.09
349.03
466.06
466.11
523.01
349.06
466.12
466.06
523.12
466.06
415.09
349.03
466.06
466.11
523.01
349.06
466.12
466.06
311.12
349.06
415.09
349.03
466.06
466.11
523.01
349.06
466.12
466.06
466.12
349.06
311.12
349.06
466.11
523.01
349.06
311.09
262.03
233.06
349.12
311.06
415.09
349.03
311.06
233.09
262.03
311.06
349.12
311.06
262.18
262.18
262.12
233.06
311.18
311.12
262.06
233.12
208.06
233.12
233.06
311.18
311.09
262.03
233.06
311.09
262.03
233.06
311.09
349.03
311.06
233.09
208.03
233.06
311.09
233.03
311.06
349.12
349.06
311.12
262.06
233.09
208.03
233.06
311.09
233.03
311.06
349.12
349.06
466.11
523.01
349.06
311.12
311.06
349.18
415.12
349.06
466.12
523.06
415.18
415.09
349.03
311.06
349.12
523.06
466.11
523.01
349.06
466.12
466.06
523.36
523.36
466.09
622.03
523.06
466.09
622.03
523.06
466.12
349.06
466.12
466.06
523.12
622.17
699.01
523.06
466.12
349.06
466.12
466.06
523.06
699.12
622.12
523.06
466.12
349.06
466.12
466.06
349.18
311.12
349.06
466.11
523.01
349.06
311.09
262.03
233.06
349.12
311.06
415.09
349.03
311.06
233.09
262.03
311.06
349.12
311.06
262.18
262.18
262.12
466.06
311.18
466.18
349.12
349.06
311.12
233.06
311.12
349.06
466.12
349.06
466.11
523.01
349.06
311.12
233.06
311.12
349.06
311.12
349.06
415.09
349.03
466.06
466.11
523.01
349.06
466.12
466.06
466.12
349.06
311.12
349.06
466.11
523.01
349.06
311.09
262.03
233.06
349.09
415.03
311.06
311.12
311.06
349.12
466.06
415.09
349.03
311.06
349.09
415.03
311.06
311.12
311.06
349.09
415.03
311.06
311.12
415.06
311.03
415.15
466.12
415.06
349.12
311.06
233.09
208.03
233.06
311.12
349.06
415.09
349.03
466.06
466.11
523.01
349.06
466.12
466.06
349.12
349.06
311.12
349.06
466.11
523.01
349.06
311.09
262.03
233.06
349.09
415.03
311.06
311.12
311.06
349.12
466.06
415.09
349.03
311.06
349.09
415.03
311.06
311.12
311.06
349.09
415.03
311.06
311.12
311.06
